0.037964
0.436258
0.199192
0.478732
0.194516
0.046094
0.089556
-0.090875
0.120683
0.189526
0.045016
0.484339
0.246336
-0.078553
-0.041008
-0.456051
0.674546
0.043669
-0.385912
0.231536
0.121074
0.322275
1.133461
0.211525
0.479947
0.289580
0.064578
0.024041
0.150419
0.288167
0.067181
0.269404
0.010063
0.342504
0.163699
0.205203
0.075118
0.110698
0.265708
0.122812
-0.046485
0.510630
0.144613
0.445100
0.336387
0.407200
-0.021050
1.105189
0.123092
0.310509
0.230183
0.364382
0.380580
0.176312
0.630931
-0.013756
0.262509
0.203620
0.342362
0.019062
0.156091
0.229374
-0.087384
0.031602
0.086188
0.247477
-0.007815
0.223654
0.248157
0.071836
-0.066000
-0.068084
-0.021012
0.409511
0.424874
0.305338
-0.113835
0.024841
0.114459
0.007355
-0.046246
0.634871
-0.114209
0.619855
0.092757
-0.014665
0.462499
0.633857
-0.017848
0.137547
0.012155
0.193376
0.019085
0.081355
0.017102
0.044921
0.191299
0.207204
0.001791
0.455463
0.382083
0.325876
-0.100843
0.507839
0.012523
0.596732
0.806524
0.462467
0.143443
0.009786
-0.038480
0.031713
0.134928
0.554034
0.138794
0.185068
0.035126
-0.129230
0.154860
0.066569
0.226984
-0.080724
0.524917
0.121175
0.025738
2.402116
0.546951
-0.173786
0.106186
-0.042293
0.037618
0.242587
-0.076743
0.021944
0.489536
0.414748
0.048341
-0.035894
0.144448
-0.209889
0.269061
0.061454
0.004748
0.587204
0.217730
0.818514
0.417937
0.041514
0.175672
0.928285
0.139746
0.368085
0.679542
-0.046613
0.618535
0.099139
0.375781
0.120781
0.732115
0.142173
-0.015891
0.491330
0.069460
0.167180
0.683277
0.369836
0.117039
0.004645
0.443950
0.165019
0.128481
0.218260
0.705162
0.004137
0.161239
0.111738
-0.000845
0.261911
0.073103
0.262020
0.015253
0.208894
0.339911
0.039360
0.098699
0.280946
0.133000
-0.098729
0.158651
-0.109772
-0.128993
0.150894
0.139807
0.001937
0.108745
-0.164967
0.056130
0.173973
0.418166
0.116068
0.352962
0.858974
0.288392
0.118282
-0.050673
0.028798
0.135099
0.193829
-0.019312
0.542209
0.536767
0.440365
0.506551
0.358115
0.530002
0.511789
0.200957
0.369986
0.601262
0.004261
0.019014
-0.179774
0.065511
0.646627
0.241088
0.131746
0.607878
-0.004490
0.603723
0.296857
0.636238
0.337096
0.100492
0.411119
0.529093
0.182139
0.233418
0.035865
0.093808
0.167842
0.097704
0.435450
0.034650
-0.072180
0.148370
-0.093362
0.419763
-0.004919
0.189563
0.544467
0.533217
0.361148
0.327630
0.559087
0.002021
-0.066487
