-0.970546
-2.806958
-0.037062
-0.079548
-0.115923
0.025208
-0.075181
-1.418133
1.645378
-0.098971
-0.016060
-0.128217
-0.065839
-0.034534
-0.074323
-1.297689
-0.050527
0.012096
-0.101335
-1.188685
-0.137958
-0.049193
-0.078923
-0.040515
-0.095804
-0.070535
-1.937396
-0.085016
-0.138779
-0.196789
-0.127928
-2.009489
-0.047578
-0.060435
-0.035067
-0.384301
-2.782282
0.660491
-0.165451
-2.129342
0.054274
-0.027443
-0.170297
-0.059281
-0.421486
-1.939352
-1.209401
0.015338
-0.108104
-0.024823
-0.150281
-1.851582
-0.092838
-0.017700
-0.069977
-0.058186
-0.063039
-0.072146
-1.267780
-0.117562
-0.044077
-0.325857
0.050659
-0.014617
